TestSuite/ReferenceResult/sinmapsi/sample.asc
ncols         466
nrows         448
xllcorner     634592
yllcorner     5588395
cellsize      10
NODATA_value  -9999
[rows 384 to 415 of 448, columns 144 to 215 of 466]
569.47 562.2 554.38 543.48 537.15 531.86 525.98 527.98 530.87 533.75 536.57 538.72 539.59 536.62 533.62 530.63 525.46 517.02 508.58 500.23 492.24 484.24 475.12 465.42 453.52 441.62 429.71 417.81 407.08 399 392.48 385.96 379.45 372.93 367.24 362.67 358.09 353.51 349.75 348.42 345.91 340.2 334.5 328.79 330.22 323.94 315.92 307.89 300.55 294.78 289.01 283.24 278.2 274.87 271.53 268.19 265.08 262.5 259.92 257.34 254.73 255.48 255.18 254.37 253.3 249.94 246.81 243.68 240.22 235.99 232.67 229.68
563.77 558.06 549.44 536.77 529.56 524.28 518.99 516.51 518.67 520.82 522.98 524.69 525.22 523.87 520.96 517.96 516.66 512.43 504.05 495.43 487.32 479.24 471.25 462.79 451.79 439.89 427.99 415.46 402.55 394.77 388.28 381.79 375.28 368.76 362.25 356.64 352.06 348.18 344.39 341.62 338.78 332.43 326.4 321.76 326.2 324.28 317.54 296.2 291.75 287.11 282.39 276.62 271.58 268.24 265.58 263.53 260.53 256.72 253.6 251.63 251.65 250.73 250.35 250.35 249.9 247.76 244.63 241.5 238.04 233.81 229.58 225.99
556.3 553.57 542.73 530.06 521.98 516.7 512.67 510.18 508.16 507.23 509.35 509.88 510.4 509.52 508.15 505.94 505 504.07 499.3 490.95 482.84 474.72 466.61 458.95 448.6 435.68 422.77 409.85 398.81 391.22 383.96 377.47 370.98 364.49 358 351.51 346.84 343.2 339.41 335.62 331.98 325.62 318.81 314.53 319.7 316.86 301.82 287.15 282.62 277.98 273.66 269.36 265.87 263.87 261.82 259.78 256.78 251.73 248.58 248.7 248.27 247.06 245.86 245.21 244.76 243.25 241.75 239.31 235.85 231.62 227.4 223.17
545.04 539.69 533.5 523.35 514.4 509.24 505.17 500.81 498.18 495.77 491.44 492.2 493.37 495.13 493.76 494.04 494.34 493.38 491.09 486.86 479.7 472.42 463.87 450.57 440.8 430.07 417.15 404.23 395.51 387.92 380.34 373.14 366.65 360.16 353.67 347.9 342.48 337.29 333.67 330.05 325.25 317.71 310.16 302.61 299.43 305.27 303.56 282.48 277.61 273.3 268.99 264.91 261.53 259.72 257.91 256.02 253.03 247.69 246 245.49 244.89 243.68 242.47 241.24 239.79 238.31 236.82 235.33 232.52 227.1 222.1 217.09
528.68 523.81 518.04 513.64 509.4 504.21 499.2 493.56 487.73 478.72 470.26 472.46 479.76 480.69 480.68 480.98 481.27 481.57 481.87 482.37 477.29 466.6 452.31 442.54 432.77 423.01 411.53 399.8 392.21 384.63 377.04 369.45 362.33 355.84 349.7 344.29 338.87 333.45 328.03 324.13 319.33 311.78 305.03 299.5 296.22 290.17 286.74 284.89 272.93 268.69 264.63 260.58 257.2 255.38 253.57 251.29 247.15 244.57 243.75 242.83 241.52 240.02 238.73 237.44 235.98 234.12 232.5 231.02 228.2 222.29 216.47 210.66
534.38 529.22 526.2 523.02 518.19 511.23 504.27 499.09 493.55 482.22 465.74 458.77 466.02 466.26 467.62 467.91 468.21 468.91 470.03 468.8 468.72 454.06 444.29 434.52 424.75 414.98 405.21 396.5 388.91 381.33 373.74 366.15 358.57 351.51 346.09 340.67 335.26 329.84 324.42 319 313.41 307.85 302.32 296.8 292.02 285.97 279.93 273.97 268.6 264.35 260.3 256.24 252.86 251.05 247.69 244.09 242 241.73 241.15 240.22 238.92 236.73 234.93 233.64 232.18 230.32 228.46 226.7 223.89 217.97 212.05 207.26
-9999 -9999 536.7 532.66 525.7 518.74 511.78 504.82 499.02 485.99 470.34 454.26 452.09 454.25 454.55 455.3 457.29 457.69 456.46 455.22 453.32 446.5 436.86 427.22 418.03 410.58 403.75 396.33 388.64 380.94 373.24 365.55 357.67 350.41 345.14 339.78 334.42 329.05 323.69 317.26 310.03 304.59 299.14 293.7 288.32 282.76 277.02 271.28 265.9 261.4 256.89 252.38 247.61 244.1 240.49 238.56 240.22 239.13 238.2 237.62 236.32 234.13 231.94 229.83 228.37 226.52 224.66 222.18 218.52 212.76 207.8 206.13
-9999 -9999 -9999 540.17 533.21 526.25 519.17 511.98 504.7 492.06 476.61 461.08 443.96 441.69 443.68 445.68 445.35 444.29 445.24 441.42 439.3 439.94 432.02 424.43 417.71 410.86 403.99 396.6 388.9 381.16 373.25 365.35 357.44 350.26 345.24 339.88 334.52 329.15 321.71 313.72 306.49 301.05 295.62 290.25 284.87 279.48 274.09 268.58 263.21 258.6 252.17 245.74 239.74 235.7 236.04 237.01 238.41 237.31 236.22 235.13 233.56 230.87 228.18 225.48 222.14 219.71 216.87 213.61 209.71 206.73 204.64 204.66
-9999 -9999 -9999 -9999 538.95 531.75 524.56 517.27 509.31 501 485.47 466.17 445.88 432.07 434.06 433.6 434.54 433.7 431.36 430.62 432.43 433.44 431.56 424.83 417.96 411.09 404.23 396.74 388.83 380.92 373.02 365.11 357.21 350.11 345.12 339.98 334.17 326.17 318.18 310.18 302.95 297.54 292.17 286.8 281.43 276.04 270.65 265.35 259.76 252.55 245.78 239.11 233.63 233.83 234.84 235.77 236.59 235.5 233.78 231.49 228.54 224.23 220.54 217.85 214.18 210.53 209.21 207.97 206.82 203.15 199.85 198.38
-9999 -9999 -9999 -9999 -9999 537.15 529.83 521.88 513.92 504.57 487.86 468.38 448.91 430.2 423.84 424.78 423.22 422.6 422.19 423.93 425.96 426.38 426.91 424.75 418.06 411.54 404.99 397.2 389.21 381.22 373.23 365.25 357.26 349.29 344.09 338.99 331.29 323.29 315.29 307.3 299.93 294.36 288.8 283.36 277.98 272.75 267.55 262.34 256.76 250.27 243.64 235.88 231.43 232.36 233.29 234.22 234.07 231.59 229.3 227.01 224.06 219.55 215.27 211.35 207.32 204.81 203.05 205.27 203.98 200.31 196.64 192.96
-9999 -9999 -9999 -9999 -9999 -9999 533.92 524.04 514.15 504.26 487.25 467.78 450.23 434.79 419.68 414.49 413.97 413.76 415.43 417.46 419.29 419.54 421.8 425.27 419.14 413.05 405.48 397.72 389.73 381.74 373.73 365.72 357.7 349.72 341.87 336.37 329.39 321.39 313.34 305.17 297.77 292.21 286.65 281.05 275.01 269.75 264.54 259.34 253.75 247.26 240.77 234.28 230.8 230.83 230.86 231.24 231.09 228.43 225.76 222.98 219.66 215.17 210.68 205.84 200.78 195.68 195.84 197.61 197.8 194.27 190.74 187.69
-9999 -9999 -9999 -9999 -9999 -9999 -9999 523.73 513.84 503.95 486.64 470.26 455.54 440.9 426.13 411.36 405.33 406.93 408.96 410.99 412.19 414.23 416.69 418.5 420.96 413.54 405.97 398.23 390.21 382.2 374.18 366.16 358.15 350.16 342.31 334.45 327.49 319.36 311.19 303.01 295.62 290.05 284.49 278.14 272.11 266.84 261.58 256.33 250.75 244.26 238.69 233.39 230.37 228.32 228.54 228.76 227.3 224.47 221.62 218.95 215.92 211.2 208.9 206.18 199.29 190.81 187.32 189.09 189.32 186.09 184.51 182.92
-9999 -9999 -9999 -9999 -9999 -9999 -9999 -9999 -9999 503.68 489.63 474.51 459.38 444.26 429.13 413.88 398.61 398.17 402.49 404.51 406.44 408.11 409.78 412.21 415.9 411.78 405.74 398.67 390.65 382.64 374.62 366.61 358.59 350.59 342.78 335.13 326.82 317.21 309.03 300.86 293.46 287.9 281.61 275.24 269.21 263.94 258.68 253.41 248.7 243.55 238.4 233.26 229.39 228.54 225.56 224.66 222.76 220.26 217.55 215.04 212.18 209.86 207.35 204.93 199.53 190.01 180.99 179.04 181.55 180.64 179.73 178.14
-9999 -9999 -9999 -9999 -9999 -9999 -9999 -9999 -9999 -9999 489.63 474.51 459.38 444.26 428.7 415.67 402.64 388.06 392.2 395.61 398.29 401.01 402.86 406.64 410.27 410.47 406.2 399.1 391.09 383.07 375.06 367.04 359.69 351 343.87 336.23 327.91 318.03 308.15 298.7 291.31 285.07 278.71 272.34 266.3 261.04 255.99 251.65 247.07 241.92 236.78 232.79 229.67 228.33 225.94 222.98 221.12 217.98 215.67 213.07 210.63 206.73 204.65 202.57 198.82 191.16 183.22 175.2 172.86 172.07 171.63 172.08
-9999 -9999 -9999 -9999 -9999 -9999 -9999 -9999 -9999 -9999 -9999 474.51 459.11 445.76 432.73 419.7 406.67 392.41 382 384.37 387 389.73 394.65 401.17 404.29 404.17 403.54 399.46 391.53 383.7 376.29 369.46 359.73 351.15 344.96 337.32 329 319.12 309.24 299.36 289.48 282.56 275.8 269.44 263.4 258.7 254.36 250.02 245.44 240.3 236.68 233.6 230.55 229.02 225.86 222.73 220.41 216.17 213.6 211.83 208.11 204.13 200.33 198.25 194.49 186.83 179.17 172 165.77 165.84 167.04 168.81
-9999 -9999 -9999 -9999 -9999 -9999 -9999 -9999 -9999 -9999 -9999 -9999 462.82 449.79 436.76 423.73 410.7 397.61 385.89 374.38 375.72 378.13 386.11 395.7 398.25 397.7 396.66 396.4 393.05 385.94 379.23 369.42 359.12 351.3 345.21 338.41 330.09 320.21 310.24 298.85 288.8 281.88 274.96 268.04 262.03 257.41 252.79 248.4 243.81 240.61 237.53 234.45 231.65 228.98 225.82 222.65 219.15 214.83 212.24 211.2 205.41 199.44 197.62 193.93 190.17 182.51 175.77 169.53 163.39 162.01 163.78 165.55
-9999 -9999 -9999 -9999 -9999 -9999 -9999 -9999 -9999 -9999 -9999 -9999 -9999 453.62 440.57 427.52 414.48 402.31 390.86 379.44 368.37 367.76 377.57 387.37 392.21 392.09 391.96 391.84 390.42 389 379.09 368.81 358.65 351.45 345.36 339.26 331.18 320.94 309.56 298.17 288.13 281.2 274.42 267.81 261.79 257.18 252.56 247.87 243.15 240.39 237.62 234.86 231.85 228.35 224.85 221.35 217.77 214.14 210.61 210.6 206.41 195.64 190.53 188.95 186.59 180.47 174.33 168.19 161.99 160.36 160.96 162.29
-9999 -9999 -9999 -9999 -9999 -9999 -9999 -9999 -9999 -9999 -9999 -9999 -9999 -9999 444.23 431.18 418.96 406.94 395.25 383.83 373.02 360.49 357.7 368.43 375.42 378.89 382.37 385.84 384.55 380.09 375.64 367.51 357.77 348.42 343.58 338.34 331.34 320.26 308.88 297.49 287.45 280.8 274.18 267.57 261.56 256.94 252.15 246.59 241.87 239.11 236.35 232.8 229.35 226.55 223.3 219.8 216.3 212.35 208.85 205.36 199.92 191.57 185.04 180.96 179.62 175.9 171.31 166.72 161.45 159.59 160.21 160.89
-9999 -9999 -9999 -9999 -9999 -9999 -9999 -9999 -9999 -9999 -9999 -9999 -9999 -9999 -9999 -9999 423.58 411.56 399.64 388.39 376.19 362.57 349.46 349.25 356.83 360.31 363.78 369.07 372.44 367.99 363.96 360.14 349.42 343.28 339.08 333.96 325.82 315.36 304.41 293.46 286.22 280.27 273.95 267.34 261.33 256.43 250.87 245.32 240.6 237.65 233.93 230.21 226.76 223.95 221.14 218.26 214.75 211.82 210.82 207.74 201.97 193.95 186.8 182.53 174.37 169.79 165.82 162.74 160.93 159.13 159.31 159.63
-9999 -9999 -9999 -9999 -9999 -9999 -9999 -9999 -9999 -9999 -9999 -9999 -9999 -9999 -9999 -9999 -9999 416.18 404.16 391.79 378.92 365.76 352.61 339.46 338.24 341.65 344.89 355.03 360.34 357.23 354.41 351.59 342.67 338.33 334.66 328.24 319.13 310.32 299.37 291.6 284.34 278.39 272.43 266.48 260.39 254.77 249.14 243.51 238.3 234.58 230.86 227.14 223.85 221.11 218.38 215.64 212.9 211.83 211.87 210.73 205.45 197.99 190.52 184.07 176.45 168.99 163.57 161.68 159.9 157.62 157.95 158.71
-9999 -9999 -9999 -9999 -9999 -9999 -9999 -9999 -9999 -9999 -9999 -9999 -9999 -9999 -9999 -9999 -9999 -9999 407.49 393.47 380.31 367.15 353.99 342.78 333.06 322.75 329.13 333.18 338.47 341.67 344.66 342.03 336.71 332.35 323.98 320.37 312.44 305.28 297.44 289.72 282.46 276.34 270 262.92 256.21 250.58 245.05 240.08 234.89 229.68 225.91 222.19 219.87 216.71 214.56 213.32 212.09 211.85 211.89 210.78 206.15 199.96 193.78 187.09 179.83 172.14 164.34 160.2 158.88 158.29 157.69 157.52
-9999 -9999 -9999 -9999 -9999 -9999 -9999 -9999 -9999 -9999 -9999 -9999 -9999 -9999 -9999 -9999 -9999 -9999 -9999 394.98 381.81 368.65 359.54 351.14 341.27 332.98 320.24 306.64 308.08 312.7 315.7 319.79 321.58 312.33 310.45 308.56 302.7 298.12 292.65 286.2 279.7 273.09 265.91 258.73 252.02 246.84 241.88 236.91 231.72 226 221.12 218.35 217.26 215.26 214.02 213.02 211.82 211.97 211.93 209.92 205.53 199.35 193.16 186.73 179.16 171.06 163.04 159.28 158.61 157.96 157.31 156.67
-9999 -9999 -9999 -9999 -9999 -9999 -9999 -9999 -9999 -9999 -9999 -9999 -9999 -9999 -9999 -9999 -9999 -9999 -9999 -9999 384.71 376.31 367.91 359.51 351.44 346.06 332.29 318.94 303.28 288.58 291.65 295.15 300.68 298.8 296.92 293.97 291.88 288.08 283.08 278.08 273.05 269.16 262.15 254.97 248.53 243.6 238.67 233.74 228.55 222.51 219.69 218.55 217.35 215.77 214.19 212.61 211.87 212.06 211.87 209.15 204.91 198.73 191.95 185.12 177.54 168.24 160.66 159.02 158.35 157.7 157.07 156.65
-9999 -9999 -9999 -9999 -9999 -9999 -9999 -9999 -9999 -9999 -9999 -9999 -9999 -9999 -9999 -9999 -9999 -9999 -9999 -9999 -9999 379.81 370.59 362.99 358.34 350.52 341.78 331.88 318.41 308.02 288.27 273.27 278.99 277.15 274.09 272.58 273.61 270.65 267.69 265.05 263.19 260.46 256.56 251.5 245.16 240.23 235.4 230.61 225.81 220.99 220.32 219.19 217.76 215.65 213.98 212.42 211.99 212.17 210.34 207.84 203.9 197.17 190.33 183.5 175.93 166.63 159.36 158.74 158.09 157.63 157.22 156.81
-9999 -9999 -9999 -9999 -9999 -9999 -9999 -9999 -9999 -9999 -9999 -9999 -9999 -9999 -9999 -9999 -9999 -9999 -9999 -9999 -9999 -9999 -9999 363.53 354.02 343.87 337.51 333.34 328.55 327.46 301.96 284.4 268.11 257.02 254.24 250.27 255.76 254.18 252.6 251.02 250.22 247.96 245.7 243.44 241.83 237.06 232.29 227.52 222.75 220.48 220.3 219.72 218.35 216.24 214.13 212.02 212.09 210.7 207.68 204.73 200.68 194.05 187.42 180.88 174.66 165.41 159.49 158.9 158.2 157.78 157.37 156.96
-9999 -9999 -9999 -9999 -9999 -9999 -9999 -9999 -9999 -9999 -9999 -9999 -9999 -9999 -9999 -9999 -9999 -9999 -9999 -9999 -9999 -9999 -9999 -9999 345.97 337.62 333.44 329.27 321.59 311.32 303.09 293.99 279.46 268.85 257.52 247.97 236.76 236.73 236.89 239.92 242.1 240.38 238.12 236.5 235.71 233.63 228.86 224.09 220.71 219.78 219.47 219.15 218.23 215.76 213.35 211.99 212.41 208.44 204.52 201.52 197.46 190.83 184.62 178.95 172.74 164.26 159.88 159.07 158.37 157.95 157.53 157.12
-9999 -9999 -9999 -9999 -9999 -9999 -9999 -9999 -9999 -9999 -9999 -9999 -9999 -9999 -9999 -9999 -9999 -9999 -9999 -9999 -9999 -9999 -9999 -9999 -9999 333.11 325.37 317.64 309.14 301.88 294.41 286.93 281.39 277.14 265.15 253.58 239.89 231.24 227.4 231.64 233.33 232.8 230.62 230.16 229.26 228.21 225.44 221.28 220.2 219.08 218.76 218.49 217.35 215.14 212.69 212.95 211.38 206.85 202.49 198.52 194.25 188.36 182.69 177.02 170.81 163.31 160.31 159.23 158.54 158.12 157.7 157.28
-9999 -9999 -9999 -9999 -9999 -9999 -9999 -9999 -9999 -9999 -9999 -9999 -9999 -9999 -9999 -9999 -9999 -9999 -9999 -9999 -9999 -9999 -9999 -9999 -9999 -9999 314.57 306.93 299.34 291.79 284.24 276.88 273.15 271.01 265.29 255.95 242.83 234.48 225.69 224.02 224.57 224.83 224.28 223.77 223.06 221.96 220.88 220.71 219.58 218.39 218.19 217.6 216.36 214.52 213.32 213.47 212.04 206.95 201.86 196.76 191.59 186.25 180.76 175.1 168.88 162.46 161.08 159.63 158.71 158.28 157.76 157.24
-9999 -9999 -9999 -9999 -9999 -9999 -9999 -9999 -9999 -9999 -9999 -9999 -9999 -9999 -9999 -9999 -9999 -9999 -9999 -9999 -9999 -9999 -9999 -9999 -9999 -9999 -9999 297.54 289.94 282.39 277.88 273.47 269.74 265.09 256.3 250.03 243.88 235.71 227.69 221.15 218.33 218.77 220.52 221.04 220.45 216.59 216.51 219.21 218.46 217.85 217.47 216.91 215.59 213.15 210.56 209.43 207.84 204.03 198.93 193.84 188.67 183.33 177.99 172.64 167.39 161.93 160.71 159.21 158.58 158.2 157.67 157.15
-9999 -9999 -9999 -9999 -9999 -9999 -9999 -9999 -9999 -9999 -9999 -9999 -9999 -9999 -9999 -9999 -9999 -9999 -9999 -9999 -9999 -9999 -9999 -9999 -9999 -9999 -9999 -9999 282.79 278.56 274.34 270.06 265.12 259.88 254.64 249.41 243.25 234.97 226.68 219.98 213.71 213.34 215.09 216.83 216.38 211.22 212.6 215.31 216.06 214.39 213.34 213.32 211.43 209.14 207.12 204.79 203.21 199.57 195.93 190.92 185.75 180.41 175.12 170.02 164.25 160.64 159.46 158.62 158 157.86 157.71 157.26
-9999 -9999 -9999 -9999 -9999 -9999 -9999 -9999 -9999 -9999 -9999 -9999 -9999 -9999 -9999 -9999 -9999 -9999 -9999 -9999 -9999 -9999 -9999 -9999 -9999 -9999 -9999 -9999 -9999 -9999 269.09 265.72 262.36 258.72 254.02 248.78 242.63 234.34 225.49 218.83 213.25 206.64 208.2 210.97 211.28 206.07 206.82 208.26 208.98 207.74 207.94 208.15 206.96 204.94 202.92 200.9 198.57 194.94 191.3 187.66 182.83 177.66 172.56 167.47 161.55 159.7 158.87 158.04 157.41 157.27 157.13 156.99
-9999 -9999 -9999 -9999 -9999 -9999 -9999 -9999 -9999 -9999 -9999 -9999 -9999 -9999 -9999 -9999 -9999 -9999 -9999 -9999 -9999 -9999 -9999 -9999 -9999 -9999 -9999 -9999 -9999 -9999 -9999 262.19 258.84 255.19 251.55 247.91 242 232.99 224.42 220.41 215.44 206.11 202.77 205.82 206.13 202.94 200.21 201.18 202.13 202.34 202.42 202.51 202.15 200.13 198.05 195.96 193.41 189.77 186.13 182.75 179.31 174.64 169.96 164.91 159 157.37 158.28 157.45 156.82 156.68 156.54 156.4
