TestSuite/ReferenceResult/sinmapsi/sample.asc
ncols         466
nrows         448
xllcorner     634592
yllcorner     5588395
cellsize      10
NODATA_value  -9999
[rows 224 to 255 of 448, columns 144 to 215 of 466]
836.84 835.82 834.8 834.67 831.09 826.5 821.9 817.55 812.38 806.86 801.23 795.6 790.31 785.45 780.59 776.34 773.68 770.51 765.24 761.96 761.67 759.96 756.91 753.47 751.56 749.86 747.62 745.34 744.19 743.32 742.31 741.29 739.2 736.84 734.46 732.07 729.68 727.23 724.74 722.24 718.84 715.22 711.57 707.3 703.93 700.8 697.65 694.45 690.72 686.46 682.1 677.74 674.45 671.43 668.36 665.29 662.46 659.68 656.36 652.9 650.08 647.42 644.76 642.79 639.94 636.85 633.76 630.68 627.67 624.68 621.69 618.7
829.56 828.54 828.59 829.09 825.63 821.44 817.24 813.05 807.88 802.46 797.04 790.83 786.7 782.23 777.48 772.88 770.81 768.09 766.1 762.1 758.66 755.69 752.43 750.58 749.58 746.78 744.54 742.23 741.08 740.21 739.34 738.43 736.33 733.94 731.55 729.16 726.78 724.39 721.98 719.48 716.09 712.19 707.92 703.64 700.28 697.15 694.01 690.76 686.58 682.17 677.77 673.36 669.96 666.89 663.83 660.76 657.92 655.15 652.37 649.34 646.53 643.87 641.21 638.53 635.64 632.72 629.8 626.88 624.49 622.24 619.98 617.2
825.73 822.51 822.08 822.43 820.33 816.57 812.75 808.56 803.38 796.91 790.34 785.13 781.47 776.79 772.75 772.29 769.95 765.6 762.9 758.7 754.22 751.32 746.45 744.86 743.62 742.53 743.27 741.46 739.77 738.79 737.74 735.63 733.5 731.09 728.68 726.26 723.87 721.48 719.09 716.71 712.81 708.54 704.26 699.99 696.56 693.31 690.06 686.81 682.64 678.23 674.16 670.23 666.85 663.6 660.36 657.6 654.81 652.04 649.26 646.49 643.08 640.19 637.51 634.83 631.93 628.97 626.03 623.11 620.73 618.47 616.21 613.95
829.87 822.82 814.83 815.71 814.41 810.65 806.88 804.25 796.86 789.5 783.28 780.05 779.06 775.21 772.27 772.17 771.87 763.95 760.16 756.61 752.75 749.96 743.69 738.63 736.65 736.36 737.17 736.42 735.96 736.74 734.39 732.86 730.74 728.29 725.75 723.22 720.8 718.42 715.86 712.98 709.33 705.28 701 696.72 693.1 689.66 686.21 682.87 678.91 674.98 671.05 667.12 663.74 660.88 658.19 655.5 652.7 649.89 647.1 644.32 640.92 637.36 633.81 631.13 628.23 625.28 622.32 619.42 616.95 614.69 612.42 610.17
832.2 825.75 816.72 809.1 808.49 804.72 803.41 798.39 791.39 786.3 784.94 784.52 781.86 778.64 775.42 772.65 771.4 766.48 761.92 758.2 753.94 750.6 747.72 744.6 737.76 730.31 731.65 731.17 731.34 731.15 729.72 729.81 727.41 725.22 722.69 720.16 717.74 714.92 712.04 709.16 705.51 701.67 697.77 693.48 689.87 686.42 683.11 679.88 676.06 672.1 668.13 664.42 661.51 658.78 656.08 653.39 650.59 647.78 644.96 642.15 638.75 635.19 631.6 628 624.99 622.23 619.47 616.71 613.24 610.82 608.63 606.39
835.79 828.74 823.3 813.47 805.94 802.45 800.28 798.09 791.16 788.27 786.31 785.79 783.13 779.91 776.71 773.55 771.94 769.8 764.85 760.26 757.31 754.15 753.21 749.6 743.92 737.03 729.13 726.29 726.42 725.23 725.63 725.51 722.74 720.52 718.38 716.24 713.34 710.89 708.22 705.34 701.69 697.85 694 690.16 686.81 683.59 680.36 677.14 673.32 669.38 666 662.62 659.71 656.91 654.12 651.3 648.41 645.55 642.68 639.82 636.36 632.76 629.17 625.6 622.94 619.56 616.76 614 609.98 607.04 604.39 601.94
835.39 827.96 822.54 818.64 809.93 806.65 803.15 801.43 796.25 792.28 788.4 787.06 784.4 781.22 777.36 773.56 771.49 771.57 767.52 762.88 760.31 754.51 751.71 748.63 745.96 743.21 736.97 727.82 720.9 720.54 719.26 718.64 717.52 715.53 713.38 711.22 707.33 704.61 702.16 698.99 696.7 692.75 688.79 685.2 683.72 681.04 677.71 674.4 670.95 667.57 664.19 660.81 657.85 654.78 651.71 648.65 645.84 643.11 640.25 637.38 633.93 630.34 626.77 623.21 621.11 617.58 614.25 611.18 607.34 603.53 600 597.73
835.19 827.19 822.68 819.54 814.59 811.09 807.59 804.19 800.7 796.87 793.04 788.68 784.95 781.03 777.1 773.9 771.81 770.66 767.69 762.3 758.37 752.63 749.63 746.86 743.56 741.2 738.32 736 731.04 720.68 713.53 712.67 712.62 711.61 708.39 705.78 701.9 698.32 695.44 691.61 690.54 687.39 683.51 680.49 678.97 677.81 675.51 671.69 670.36 666.94 663.53 659.4 655.89 652.45 649.06 645.99 643.19 640.46 637.72 634.94 631.51 627.94 624.37 620.97 619.03 616 612.46 609.81 605.91 602.02 598.23 595.18
835.12 826.75 823.31 819.51 815.96 812.34 808.72 805.02 799.15 794.24 789.75 785.92 783.45 780.77 776.84 774.23 771.93 770.14 766.92 762.22 756.62 749.96 747.55 745.22 741.73 739.79 735.95 731.86 729.46 725.34 721.79 717.06 710.92 706.74 705.22 701.8 699.72 698.68 696.11 693.35 691.37 688.64 684.81 678.06 675.09 673.8 671.03 669.85 669.98 666.51 662.61 658.17 654.97 651.05 647.61 644.98 640.88 638.06 635.34 632.83 629.23 625.6 621.97 618.73 617.08 613.64 611.68 608.69 604.88 601.11 597.73 594.38
832.62 828.09 822.62 818.82 814.92 811.84 808.25 804.29 797.73 792.24 787.42 785.89 785.22 781.63 778.36 776.16 770.03 768.21 766.86 760.87 756.58 751.55 748.15 746.88 745.05 741.78 738.77 735.49 731.85 728.39 724.77 721.54 718.03 714.99 712.97 711.25 707.66 705.32 701.62 697.19 693.78 689.52 685.21 681.05 675.72 670.02 668.05 668.44 668.6 664.54 659.16 655.31 651.59 648.54 645.81 642.57 639.83 636.18 633.93 630.7 626.84 622.5 618.16 615.73 615.07 612.31 609.25 607.53 603.99 600.61 597.02 593.01
834.18 829.13 823.38 818.21 814.65 811.33 807.7 803.16 800.77 796.86 794.4 794.38 790.2 786.02 782.12 779.53 775.92 771.31 767.41 764.74 760.67 755.57 750.6 748.93 747.07 744.25 741.3 738.36 734.59 730.8 727.38 724.09 721.33 718.44 714.75 711.3 708.1 704.4 700.86 697.58 693.87 690.2 686.53 682.86 677.53 671.44 665.45 663.29 659.87 657.1 652.69 648.7 644.94 642.18 639.08 636.29 633.39 630.62 628.68 625.48 621.92 617.58 613.94 612.11 612.09 611.1 605.73 603.03 601.21 597.13 593.05 589.83
835.36 830.16 826.5 822.24 820.82 817.07 813.03 810.54 807.87 804.23 800.31 797.92 794.29 790.4 786.51 782.81 778.75 773.57 768.77 766.05 762.77 758.99 754.53 750.69 748.54 745.77 743.01 740.24 736.84 733.42 730 726.58 723.75 720.05 716.55 713.16 709.84 706.54 703.25 699.97 696.12 692.13 688.34 684.67 679.25 674.3 669.14 664.39 659.86 658.14 651.46 647.25 646.05 641.8 638.6 634.12 631.62 628.84 625.81 622.67 618.19 614.27 610.46 608.49 608.24 607.28 604.92 598.11 597.03 593.16 589.85 586.81
842.43 837.82 834.5 832.48 828.71 824.28 819.84 815.69 813.02 809.61 806.14 802.59 798.26 794.29 790.37 786.45 781.43 776.13 770.91 767.43 764.32 760.54 756.76 753 750.31 747.79 745.26 742.73 739.49 736.06 732.63 729.33 725.75 722.36 718.96 715.57 712.25 708.94 705.64 702.36 698.51 694.52 690.53 686.55 682.3 677.99 673.11 670.21 666.35 657.97 655.82 656.34 653.3 648.55 644.35 638.43 636.33 633.27 630 626.33 621.34 619.47 616.51 609.96 601.8 601.4 600.49 602.93 597.63 591.29 587.5 583.79
849.91 845.17 840.42 837.78 834.09 829.99 825.89 821.76 817.97 814.3 810.75 807.2 802.87 798.35 793.83 789.72 784.7 779.55 774.48 769.44 765.87 762.35 759.15 756.06 753.29 750.61 747.93 745.38 742.14 739.04 736.02 733 729.3 725.43 721.56 717.98 714.66 711.35 708.13 705.04 701.91 698.48 695.05 691.13 687.02 680.11 674.48 669.32 661.55 667.41 663.91 657.53 651.65 646.72 643.56 640.45 635.97 631.32 626.68 623.12 618.44 615.8 610.31 605.31 603.95 596.21 594.58 595.81 596.54 594.35 587.64 580.77
855.49 851.52 847.55 843.08 839.39 835.26 831.13 826.99 823.2 819.5 815.8 812.3 807.01 802.43 797.85 793.27 788.44 783.43 778.36 773.3 768.79 765.31 762.21 759.16 756.49 753.89 751.29 748.75 745.81 742.74 739.69 736.67 732.97 729.11 725.27 721.44 718.37 715.27 712.17 707.84 706.82 704.13 697.37 690.63 685.11 679.47 673.42 669.54 673.71 669.81 665.27 660.86 653.77 646.68 639.9 635.89 634.82 633.03 629.8 626.29 620.64 615.37 608.15 601.27 596.9 594.34 589.81 588.64 590.08 588.53 584.77 578.46
860.56 856.73 852.89 849.32 845.14 840.75 836.36 832.23 828.46 825.04 821.62 818.2 812.9 807.14 801.37 796.79 791.97 787.08 782.19 777.17 772.96 769.4 765.95 763.22 760.21 757.62 755.05 752.62 749.68 746.61 743.5 740.33 737.27 733.23 729.19 725.23 722.56 719.31 716.21 710.63 707.73 701.47 695.09 689.23 683.05 677.65 677.3 679.12 676.57 672.32 667.78 663.23 659.29 655.49 651.68 647.61 642.55 638.41 634.38 630.13 624.84 619.43 612.8 605.71 599.19 594.11 587.79 585.13 583.77 582.26 579.05 577.61
866.31 862.47 858.9 855.59 851.41 847.02 842.81 838.75 835.06 831.46 827.85 824.21 818.85 813.1 807.36 801.62 795.89 790.9 786.03 781.16 777.26 773.54 769.7 766.88 764.14 761.35 758.92 756.58 753.45 750.28 747.11 743.94 741.14 738.18 734.14 729.77 725.58 724.18 719.34 710.97 704.89 699.29 692.59 687.12 684.8 687.39 686.89 682.01 678.27 674.26 670.23 665.68 661.74 657.44 652.41 647.39 643.07 638.83 634.6 630.35 625.19 619.79 614.38 608.98 603.02 598.29 593.26 589.17 581.6 578.21 577.59 577.49
872.05 868.48 865.17 861.82 858.03 853.98 849.92 845.86 842.17 838.08 833.61 829.13 824.11 818.94 813.57 807.83 802.09 796.36 790.63 785.34 781.36 777.52 773.68 770.2 767.54 765.1 763.65 763.1 759.55 755.42 751.29 747.55 744.75 741.62 739.1 734.23 728.07 723.66 718.23 711.15 703.29 697.02 693.18 692.79 695.67 693.53 689.96 684.59 680.26 676.2 672.14 668.07 663.2 658.28 653.36 648.44 643.52 639.12 634.86 630.6 625.51 620.23 614.87 609.46 604.34 600.13 594.71 590.42 585.95 578.48 577.68 575.99
875.48 874.34 870.94 867.54 863.78 859.93 856.08 852.19 847.58 843.01 838.53 834.06 829.03 823.87 818.7 813.93 808.07 802.28 796.49 790.7 786.25 782.12 777.99 773.87 771.35 769.25 766.54 763.8 763.75 761.88 757.21 751.75 747.94 743.87 739.17 733.99 727.92 721.86 716.6 710.51 703.77 702.12 702.32 702.53 699.57 695.28 691.71 687.39 683.07 679 674.71 670.36 665.25 659.94 654.94 650.02 645.09 640.17 635.24 630.85 625.76 620.48 615.19 609.88 604.56 599.25 593.94 588.93 582.72 578.4 573.82 569.73
878.25 877.16 876.43 873.26 869.5 865.63 861.71 857.8 853.19 848.41 843.63 838.99 833.99 829.55 825.1 818.58 812.33 807.14 801.95 796.31 791.85 787.91 784.06 780.21 777.18 773.86 770.89 764.49 763.6 763.52 758.9 752.45 747.63 743.3 738.25 733.25 727.22 721.38 716.88 709.53 706.41 705.11 704.88 705.08 702.06 698.03 693.99 689.93 685.69 681.34 677 672.65 667.53 662.22 656.91 651.6 646.65 641.55 636.45 631.35 625.93 620.48 615.15 609.82 604.5 599.33 594.49 589.65 583.22 578.74 574.84 570.38
886.61 884.1 881.58 878.93 875.15 871.24 867.33 863.41 858.81 854.02 849.55 845.09 840.72 836.27 831.83 822.79 816.54 811.35 806.49 801.64 798.06 794.25 790.43 786.6 783.7 780.18 775.06 767.12 763.83 763.41 758.18 752.07 747.53 743.36 738.11 732.56 726.52 720.4 715.82 714.98 713.16 709.46 707.43 707.63 704.55 700.51 696.33 691.8 687.57 683.37 679.16 674.93 669.71 664.15 658.59 653.03 647.4 641.97 636.88 631.78 626.35 620.85 615.34 609.84 604.89 600.05 595.21 590.36 584.28 580.87 576.11 571.35
894.76 891.07 887.37 883.67 879.92 876.16 872.4 869.07 865.08 860.62 856.16 851.7 846.16 842.91 837.86 827.31 821.52 816.79 811.94 807.09 802.9 799.73 796.62 793.06 790.08 783.63 775.13 766.96 764.6 763.42 759.01 753.95 748 743.42 737.96 730.43 727.53 724.1 722.34 722.47 719.82 716.25 712.55 710.18 707.03 702.52 698 693.47 689.23 685.07 680.87 676.65 671.14 665.42 659.86 654.3 648.67 643.02 637.37 632.2 626.78 621.33 616.04 610.76 605.79 600.91 596.02 591.02 585.45 581.57 576.91 572.12
899.62 895.8 892.1 888.4 884.66 880.94 878.13 875.33 871.72 867.7 862.77 858.31 853.31 847.45 842.01 832.06 826.26 821.69 817.12 812.54 808.34 804.32 801.4 793.96 787.18 781.45 774.7 770.22 766.24 763.94 761.23 756.07 751.21 748.12 744.62 741.31 737.04 732.81 728.58 727.22 724.57 721.23 717.75 714.01 709.35 704.45 699.66 695.14 690.9 686.74 682.58 678.3 672.79 666.99 661.19 655.57 649.94 644.29 638.67 633.24 627.61 622.25 616.96 611.68 606.71 601.77 596.27 590.77 585.29 581.65 576.82 572.14
904.65 900.81 896.97 893.14 890 887.45 884.95 882.4 878.11 874.18 870.38 864.92 860.45 851.72 844.06 836.81 831.01 826.32 821.53 816.75 812.48 807.04 797.03 788.59 783.38 779.64 775.75 771.1 766.67 765.46 764.6 761.4 758 754.79 751.5 748.69 745.02 741.12 737.22 732.91 728.76 725.02 721.28 717.54 712.87 707.98 703.1 698.34 694.92 692.93 689.48 680.73 674.44 668.99 663.55 657.76 651.77 646.34 640.91 635.47 629.84 624.17 618.49 612.81 607.17 601.66 596.16 590.66 585.16 581.52 576.84 572.16
910.81 907.84 904.87 901.9 899.32 896.82 894.16 891.44 887.94 881.95 877.54 872.73 864.21 855.98 848.33 840.69 835.32 830.41 825.62 820.79 810.68 800.92 791.97 789.3 783.3 778.97 775.21 774.33 775.3 774.95 772.3 767.74 765.01 761.73 758.98 756.22 752.55 747.53 742.24 736.94 732.74 728.81 724.88 721.07 716.43 711.66 706.89 702.13 697.44 696.55 694.6 685.65 678.93 673.38 667.21 661.04 655.03 649.05 643.14 637.71 632.08 626.38 620.63 614.87 608.13 601.41 596.86 591.83 586.33 582.74 577.5 572.18
918.15 916.14 914.12 911.28 908.65 905.92 903.19 900.47 896.8 893.89 883.58 876.77 868.94 860.63 852.64 845 841.54 835.11 829.53 821.48 807.84 798.13 793.14 789.49 783.88 781.62 780.88 781.64 782.08 782.69 777.87 773.14 769.88 766.19 764.73 760.96 757.06 751.69 746.32 740.98 736.81 733 729.19 725.39 720.66 715.71 710.76 705.51 702.37 704.83 700.02 690.77 682.88 676.65 670.49 664.32 658.3 652.32 646.35 640.6 634.25 628.45 622.69 616.94 610.2 603.21 596.23 590.63 587.35 582.82 577.63 572.44
924.99 922.73 920.2 917.67 916 914.15 912.22 909.5 906.12 897.77 886.17 878.11 871.89 865.21 857.05 849.32 846.33 841.57 831.43 819.51 810.31 801.76 794.78 793.59 793.21 791.81 791.24 791.15 788.75 784.54 783.39 778.8 774.95 770.29 764.52 763.99 761.52 756.15 751.5 746.25 741.69 737.64 733.83 730.02 725.3 720.35 715.82 711.49 708.82 709.75 704.2 696.07 688.56 681.55 674.54 667.6 661.76 656.14 650.52 644.9 638.55 632.01 625.47 619 612.22 604.87 597.52 590.17 586.25 582.42 577.81 572.62
930.36 927.26 924.73 922.2 920.66 919.35 917.23 915.36 909.41 899.73 889.38 879.19 872.98 866.76 860.54 854.32 847.17 838.35 828.9 819.11 813.27 809.54 808.03 805.51 804.28 802.37 801.28 800.51 796.99 792.82 788.64 784.47 778.96 773.13 767.3 763.89 764.09 762.22 757.88 751.4 746.84 742.76 738.68 734.65 730.21 725.88 721.55 717.23 714.84 712.44 707.22 700.68 693.65 686.59 679.54 672.3 665.53 660.02 654.82 649.2 642.85 636 628.63 621.26 613.72 606.11 598.43 591.51 587.22 582.07 577.5 572.79
936.65 933.28 929.91 926.73 925.19 923.91 922.62 917.32 908.81 899.95 890.83 880.28 874.06 867.84 861.53 855.21 843.71 835.33 825.45 820.69 820.24 819.61 818.02 816.54 814.93 812.17 807.36 804.87 801.1 796.39 792.1 787.93 782.41 776.55 771.37 766.4 763.67 763.65 763.73 756.57 751.2 746.75 742.3 737.85 733.69 729.38 724.93 720.67 718.49 715.45 712.38 704.87 698.38 691.47 684.29 676.57 669.8 663.55 657.7 652.62 645.27 637.92 630.55 623.18 615.64 608.06 600.48 593.6 589.3 583.93 578.56 573.19
943.71 941.32 938.92 936.53 936.63 935.57 926.59 918.28 909.2 900.12 891.06 882.02 875.11 868.78 862.44 856.11 844.73 834.99 833.59 831.12 829.79 829.14 828.37 826.51 822.34 817.87 813.53 809.26 805.46 800.75 796.03 791.39 786.41 781.85 777.28 772.71 766.95 763.62 763.95 759.42 754.42 749.42 744.97 740.53 736.37 732.28 728.16 723.58 721.96 717.46 713.64 707.29 701.72 696.25 689.19 680.84 674.07 667.82 661.72 653.92 646.54 639.54 632.47 625.1 617.56 609.98 602.67 595.49 591.71 586 580.18 574.37
953.76 951.26 950.07 947.68 943.91 936.1 928.1 919.31 910.23 901.15 892.06 883.18 876.08 869.74 863.39 857.05 845.12 843.3 843.31 841.54 839.95 838.58 838.12 834.58 828.14 823.82 819.49 814.83 810.23 805.58 800.92 796.26 791.71 787.18 782.65 777.11 771.14 765.13 763.59 762 757.55 752.91 747.91 743.2 739.04 734.77 730.08 725.21 721.81 715.94 710.76 705.68 700.62 696.09 690.18 684.06 677.87 671.99 665.11 655.93 647.82 640.82 633.78 626.75 619.43 612.15 604.76 597.38 592.98 587.16 581.36 575.55
963.49 960.62 957.49 954.89 946.05 937.09 928.57 920.21 911.25 902.26 893.44 884.61 876.62 870.74 864.4 858.1 853.1 852.56 851.94 851.66 850.36 848.75 847.08 839.8 833.93 829.36 824.56 819.77 815.16 810.6 806.02 801.36 796.81 791.69 785.88 780.08 774.13 768.89 763.8 762 757.58 753.15 748.79 744.49 740.17 735.64 730.95 726.21 721.75 715.52 709.3 703.84 698.62 693.41 688.4 683.38 679.09 673.19 665.53 655.59 648.48 641.72 634.68 627.64 620 612.22 604.72 597.76 593.62 588.19 582.54 576.73
