TestSuite/ReferenceResult/sinmapsi/sample.asc
ncols         466
nrows         448
xllcorner     634592
yllcorner     5588395
cellsize      10
NODATA_value  -9999
[rows 320 to 351 of 448, columns 288 to 359 of 466]
220.97 221.84 222.76 223.82 223.78 224.95 226 227.04 227.8 227.88 229.59 231.83 232.67 230.23 227.78 226.08 224.92 223.35 222.43 221.5 220.44 219.04 217.3 215.39 213.83 213.08 212.34 211.59 210.59 209.25 207.76 206.27 204.57 202.92 201.27 199.62 198.37 196.38 194.23 192.78 191.65 189.8 187.57 186.86 186.3 185.42 184.54 183.66 182.79 181.94 181.08 180.22 179.07 176.72 175.2 175.15 175.36 175.8 176.13 176.25 176.31 176.24 176.17 175.56 174.75 173.56 172.36 171.13 169.84 168.94 168.05 167.15
220.05 221.16 222.23 222.74 222.7 221.95 224.08 225.23 225.99 225.65 225.84 228.08 228.92 226.48 224.9 223.96 222.81 221.15 219.52 218.59 217.53 216.13 214.73 213.23 211.67 210.92 210.21 209.56 208.46 206.78 205.29 203.8 202.01 200.21 198.8 197.81 196.95 194.8 192.76 191.44 190.26 188.52 187.71 187.27 186.72 185.84 184.95 183.89 182.81 182.26 181.4 180.54 179.41 177.24 176.17 175.59 176.01 176.45 176.9 177.29 177.36 177.1 176.46 175.82 175.02 173.82 172.63 171.51 170.29 169.23 168.37 167.5
219.61 220.64 221.15 221.67 221.63 220.29 220.83 222.95 224.11 224.22 224.33 224.44 225.18 223.71 222.78 221.84 220.69 219.03 217.38 215.72 214.62 213.22 211.82 210.48 209.73 209.02 208.37 207.72 206.58 204.52 202.93 201.34 200.7 199.83 198.7 197.65 196.78 193.92 191.66 190.43 189.46 188.97 188.37 187.7 187.14 186.25 185.02 183.69 182.61 182.12 181.63 180.87 179.73 177.93 177.05 176.28 176.48 176.96 177.43 177.96 178.05 177.36 176.73 176.09 175.29 174.09 173.09 172.29 171.06 169.17 168.3 167.43
218.89 219.62 220.08 220.59 220.55 219.22 218.13 220.48 221.54 221.8 222.06 222.32 222.45 221.58 220.66 219.73 218.57 216.92 215.26 213.51 211.76 210.52 209.19 208.11 207.98 207.36 206.54 205.89 204.62 203.02 202.38 201.54 200.91 199.87 198.7 197.55 196.27 193.37 190.56 189.33 189.32 188.93 188.54 188.15 187.48 186.15 184.82 183.49 182.41 181.92 181.43 180.93 179.96 178.87 178.11 177.19 177.09 177.67 178.12 178.43 178.6 177.85 177.09 176.36 175.55 174.67 173.87 173.06 171.84 169.63 168.23 167.3
217.52 218.23 218.92 219.42 219.52 218.66 217.65 218.15 218.63 218.89 219.15 219.55 220.09 219.21 218.34 217.47 216.3 214.5 212.74 210.97 209.23 207.65 206.58 206.15 206.11 205.67 204.98 204.19 203.57 203 202.45 201.82 201.07 199.91 198.74 197.31 195 192.15 189.34 189.06 189.21 188.81 188.42 187.96 187 185.41 184.22 183.03 182.18 181.64 181.11 180.58 179.82 179.19 178.56 177.96 177.6 178.12 178.43 178.98 179.16 178.4 177.64 176.88 175.92 175.33 174.64 173.84 172.61 170.41 168.2 167.04
216.43 217.08 217.58 218.09 218.19 217.33 216.48 215.7 215.73 215.92 216.03 217.18 217.73 216.85 215.86 214.83 213.72 212.07 210.2 208.44 206.71 206.16 205.81 205.54 205.27 204.85 203.9 204 203.42 202.88 202.34 201.81 200.42 198.58 196.74 194.9 192.5 189.18 188.64 188.95 189.09 188.7 188.21 187.59 186.63 184.87 183.22 182.03 181.36 181.31 180.75 180.2 180.52 179.92 179.32 178.71 178.1 178.39 178.96 179.54 179.72 178.96 178.15 177.01 176.04 175.45 174.86 174.27 173.11 170.93 168.73 169.24
214.53 215.39 216.25 216.76 216.85 216 215.25 214.53 212.77 212.64 213.67 214.82 215.29 214.25 213.22 212.18 211.12 209.62 207.84 206.5 206.41 206.05 205.66 205.29 205 203.24 202.56 203.24 203.31 202.44 201.44 200.44 198.99 196.45 194.32 192.49 189.97 188.51 188.67 188.86 188.97 188.46 187.84 187.22 186.25 184.5 182.72 181.74 181.82 181.76 181.61 181.46 181.47 180.87 180.23 179.52 178.82 178.34 179.46 180.09 180.27 179.41 178.27 177.14 176.16 175.57 174.84 173.89 172.83 170.73 170.15 170.97
212.59 213.5 214.41 215.28 215.53 214.84 214.17 213.5 212.13 210.22 208.84 210.94 212.28 211.83 210.65 209.54 208.51 207.03 206.69 206.48 206.35 205.96 205.56 205.17 203.14 201.29 201.23 201.67 201.3 201.02 200.02 199.03 197.57 195.04 192.5 190.07 188.44 188.6 188.76 188.92 188.78 188.09 187.47 186.85 185.88 184.13 182.57 182.9 183.14 183.02 182.87 182.73 182.43 181.81 181.19 180.56 179.94 179 179.27 180.27 180.59 179.53 178.4 177.26 176.29 175.34 174.38 173.45 172.47 170.62 171.18 172.12
212.15 213.06 213.5 213.8 213.81 213.37 212.86 212.35 211.59 210.23 208.86 207.92 209.05 208.94 208.38 207.2 206.67 206.64 206.57 206.46 206.25 205.86 205.18 204.46 202.11 199.96 199.42 199.34 198.67 198.52 198.37 197.61 196.15 193.62 191.09 188.65 188.52 188.68 188.85 188.95 188.78 188 187.22 186.47 185.51 184.22 182.89 183.72 184.3 183.98 183.66 183.34 183.04 182.8 182.38 181.76 181.14 178.93 179.11 180.23 180.52 178.8 177.56 176.5 175.14 174.64 173.92 173.13 172.12 171.17 172.34 173.28
211.09 211.33 211.62 211.92 211.62 211.51 211 210.55 210.41 209.21 207.84 207.15 206.13 206.35 206.35 206.37 206.29 206.26 206.23 206.21 205.99 205.15 204.44 203.73 201.49 200.44 199.04 197.1 196.06 195.88 195.73 195.59 194.74 192.26 189.78 188.8 188.61 188.77 188.87 188.95 188.78 188 187.22 186.37 185.33 184.54 184.08 184.49 184.74 184.54 184.21 183.89 183.6 183.36 183.12 182.88 181.97 179.84 179.11 180.24 180.54 178.88 177.2 175.59 174.1 173.72 173.79 173.54 173.02 173.27 173.7 174.43
209.3 209.53 209.74 209.9 209.51 209.63 209.14 209.03 209.01 208.19 207.08 206.73 205.73 205.91 205.76 205.91 205.91 205.9 205.98 206.06 205.85 204.94 204.04 203.13 202.06 200.58 199.11 197.64 195.68 194.39 193.66 193.12 192.57 190.49 189.49 188.97 188.69 188.78 188.87 188.95 188.78 187.96 187.02 186.07 185.04 184.27 184.48 184.89 185.14 185.01 184.77 184.45 184.15 183.92 183.68 183.41 182.46 180.3 179.08 180.26 180.55 178.9 177.24 175.56 175.13 175.03 175.07 175.06 174.51 174.97 175.48 175.99
207.67 207.91 207.98 208.09 208.17 207.85 207.7 207.61 207.51 206.98 206.44 205.87 205.28 204.94 205 205.21 205.12 205.76 205.85 205.93 205.71 204.8 203.9 202.59 201.29 200.23 199.16 197.71 196.07 195 193.01 191.47 190.52 190.03 189.74 189.25 188.4 188.46 188.58 188.71 188.3 187.56 186.71 185.77 185.41 185.15 185.03 185.29 185.54 185.41 185.28 185.01 184.71 184.47 184.17 183.74 182.79 180.63 178.95 180.26 180.57 178.91 176.85 176.24 176.38 176.35 176.37 176.41 176.15 176.66 176.73 176.11
206.93 207.48 208.08 208.15 208.23 207.83 207.1 206.89 207.01 206.45 206.09 205.55 204.94 204.2 204.33 204.27 203.32 204.27 205.22 205.79 205.57 204.48 203.09 201.7 200.4 199.34 198.27 197.21 196.24 194.82 193.28 191.75 190.57 190.29 189.84 189.29 188.53 187.92 187.9 187.73 187.39 186.31 185.85 186.19 186.48 186.29 186.04 185.79 185.94 185.81 185.68 185.54 185.27 184.94 184.5 184.06 183.11 180.98 178.99 180.07 179.99 177.35 176.75 177.36 177.65 177.67 177.69 177.71 177.7 177.08 176.46 175.84
206.26 206.93 207.55 208.18 208.23 207.9 207.87 207.83 207.44 206.95 206.11 205.71 205.09 204.54 204.17 202.69 201.57 202.48 203.43 203.8 204.4 203.48 202.2 200.81 199.51 198.45 197.39 196.29 195.3 194.62 193.5 192.02 190.62 190.22 189.64 189.13 188.54 187.37 186.82 186.82 186.72 186.07 185.95 186.17 186.46 186.38 186.3 186.23 186.17 186.06 185.94 185.83 185.64 185.26 184.83 184.39 183.44 181.39 179.31 179.2 177.59 176.4 177.34 178.29 178.85 178.48 178.12 177.75 177.39 176.8 176.18 175.51
205.75 206.24 206.62 207.1 207.21 207.48 207.89 208.31 208.34 207.49 206.64 205.79 205.22 204.37 202.9 201.42 200.27 198.86 199.93 201.41 201.16 200.94 200.02 199.02 198.63 197.56 196.47 195.35 194.35 193.67 192.99 192.12 190.81 190.15 189.64 189.13 188.53 187.29 187.04 186.98 186.84 186.36 186.08 186.15 186.44 186.36 186.28 186.26 186.23 186.11 186 185.89 185.74 185.36 184.97 184.59 183.76 181.86 179.77 178.22 177.31 176.61 176.96 177.82 178.48 178.08 177.71 177.35 177.14 176.25 175.83 175.26
202.32 204.13 204.94 205.31 205.31 204.85 205.08 205.5 205.14 204.75 204.5 204.26 204.44 203.1 201.63 200.16 199.38 195.11 197.29 198.38 197.94 197.67 197.48 197.31 197.4 196.66 195.53 194.4 193.41 192.73 192.05 191.29 191.17 190.24 189.65 189.14 188.51 187.58 187.36 187.14 186.96 186.65 186.37 186.2 186.42 186.34 186.31 186.31 186.28 186.17 186.05 185.99 185.84 185.46 185.07 184.53 183.47 182.12 180.75 178.64 177.83 177.21 176.82 177.28 178.07 177.82 177.33 177 176.91 176.22 175.84 175.62
199.17 202.72 203.09 203.47 203.37 202.79 202.5 202.49 201.82 201.39 200.86 201.42 202.43 201.57 200.34 199.02 198.22 192.32 191 195.01 195.85 194.9 192.85 194.45 194.69 195.47 194.58 193.45 192.46 191.78 191.1 190.47 190.76 190.44 189.68 189.14 188.49 187.9 187.68 187.46 187.22 186.94 186.66 186.38 186.4 186.37 186.37 186.37 186.33 186.22 186.14 186.09 185.94 185.55 185.16 184.24 183.18 181.83 180.47 179.12 178.41 177.82 177.23 177.17 177.6 177.49 177.46 177.34 177.3 176.67 176.32 175.97
200.09 201.31 201.41 201.61 201.4 200.83 199.57 199.87 199.16 196.27 195.58 197.85 199.93 198.87 197.7 195.56 191.87 185.32 184.11 188.43 191.84 189.71 187.67 188.01 191.72 192.53 193.34 192.51 191.51 190.84 189.16 189.95 190.36 190.04 189.71 189.15 188.45 188.22 187.97 187.69 187.41 187.15 186.89 186.63 186.44 186.42 186.42 186.42 186.39 186.29 186.24 186.19 186.04 185.65 184.88 183.95 182.9 181.54 180.22 179.6 179 178.41 177.83 177.39 178.05 178.16 177.94 177.76 177.59 177.15 176.8 176.55
198.04 197.75 198.62 199.5 199.33 198.12 196.35 195.31 194.3 191.16 190.82 193.23 195.32 194.28 192.75 191.03 187.44 181.18 177.82 183.75 186.99 184.67 182.41 181.26 187.49 190.13 190.54 191.21 190.57 188.89 188.64 189.06 189.28 189.1 188.93 188.76 188.73 188.45 188.16 187.88 187.6 187.34 187.08 186.89 186.77 186.65 186.52 186.48 186.44 186.39 186.34 186.29 186.14 185.51 184.59 183.66 182.61 181.38 180.78 180.18 179.65 179.13 177.41 178.18 178.78 178.6 178.43 178.24 178 177.85 177.7 177.56
193.53 193.8 195.15 196.5 196.87 195.11 193.34 191.57 189.74 186.04 186.21 188.61 190.72 189.34 187.8 186.26 183.02 178.29 173.98 178.9 182.14 179.82 177.43 178.66 182.98 187.87 188.62 188.65 188.01 186.89 187.06 187.34 187.62 187.5 187.33 187.71 188.09 188.57 188.35 188.07 187.8 187.54 187.35 187.22 187.1 186.98 186.85 186.73 186.55 186.49 186.44 186.39 186.15 185.23 184.3 183.38 182.57 182.04 181.5 180.97 180.44 179.91 179.37 178.87 178.9 178.72 178.54 178.31 178.28 178.7 178.68 178.68
189.01 190.33 191.12 191.82 191.84 190.25 188.65 186.93 184.56 181.11 181.59 184.16 186.83 185.61 184.39 182.66 180.59 177.62 172.66 174.72 177.32 175.33 172.99 177.2 181.84 185.59 186.2 185.79 184.89 184.94 185.48 185.64 185.89 185.89 186.55 186.93 187.32 187.79 188.27 188.26 187.99 187.8 187.68 187.55 187.43 187.3 187.18 186.24 186.7 186.64 186.58 186.4 185.51 184.57 183.62 182.83 182.58 182.53 182.2 181.66 181.13 180.6 180.07 179.37 179.01 178.78 178.54 178.32 178.24 178.81 179.33 179.31
184.72 185.1 185.81 186.51 186.53 184.93 182.85 180.42 177.99 175.51 179.91 184.39 185.25 183.34 181.43 179.52 177.45 175 172.55 170.93 171.07 170.96 171.78 175.63 179.2 182.83 184.21 183.41 182.14 182.78 183.42 184.06 184.24 185.22 185.81 186.16 186.54 187.02 187.5 187.97 188.26 188.13 188.01 187.88 187.76 187.63 186.63 186.39 186.84 186.79 186.53 185.68 184.8 183.85 183.02 182.75 182.43 182.39 182.35 182.3 181.82 181.29 180.76 180.15 179.6 178.83 178.55 178.33 178.2 178.77 179.35 179.92
180.26 180.6 180.94 181.28 181.2 178.77 176.34 173.9 171.47 173.59 179.18 184.16 183.31 180.2 178.29 176.38 174.3 171.86 169.89 168.96 167.85 166.71 169.1 172.65 176.22 178.91 179.12 179.33 180.04 180.72 181.41 182.09 183.16 184.88 185.2 185.38 185.77 186.24 186.57 186.88 187.24 187.68 188.12 188.21 188.09 187.06 185.86 186.53 186.99 186.67 185.82 184.97 184.09 183.2 182.94 182.67 182.29 182.25 182.21 182.16 182.12 181.98 181.45 180.92 180.3 179.39 178.43 178.28 178.13 178.71 179.28 179.89
175.79 176.06 176.33 176.6 175.75 172.38 169.06 166.06 165.83 171.93 177.7 183.27 181.06 178.5 175.93 173.23 171.16 169.54 167.78 166.02 164.53 164.47 166.94 169.69 173.24 173.75 174.74 175.82 177.15 179.01 179.78 180.46 181.53 183.49 185.11 185.09 184.91 185.13 185.43 185.73 186.08 186.52 186.96 187.41 187.47 186.2 186 186.65 186.83 185.96 185.11 184.25 183.38 183.12 182.85 182.59 182.19 182.11 182.06 182.02 181.98 181.94 181.89 181.61 181 180.04 179.2 178.35 178.07 178.65 179.25 179.86
171.03 171.26 171.53 171.8 170.95 167.48 164.2 160.72 164.29 169.97 175.88 179.95 178.46 175.9 173.3 170.71 168.55 166.88 165.2 163.51 161.21 162.3 165.17 167.48 169.45 170.54 171.63 172.72 174.04 175.9 177.77 178.83 179.9 182.29 185.1 185.05 184.58 184.35 184.27 184.57 184.93 185.37 185.85 186.41 186.51 185.33 185.48 186.09 186.27 185.49 184.61 183.87 183.26 183.04 182.77 182.5 182.08 181.97 181.92 181.88 181.84 181.79 181.75 181.71 181.6 180.81 179.95 179.06 178.36 178.93 179.69 180.44
166.27 166.51 166.74 166.99 166.14 162.68 159.21 159.36 166.7 172.38 175.65 177.21 174.8 173.12 170.52 167.93 165.77 164.59 162.86 161.05 159.44 159.93 161.97 164.27 166.24 167.44 168.53 169.62 170.94 172.8 174.66 176.53 178.43 180.49 182.54 184.59 184.41 184.01 183.78 183.55 183.77 184.3 184.85 185.41 185.35 184.59 184.95 185.4 185.46 185.02 184.47 184.13 183.58 182.95 182.69 182.39 181.98 181.82 181.78 181.74 181.69 181.65 181.6 181.3 181.33 181.21 180.67 179.76 180 180.67 179.99 178.81
161.52 161.75 161.99 162.05 160.95 157.29 154.39 160.62 166.93 170.11 173.27 173.6 170.34 169.17 167.74 165.15 162.99 161.81 160.63 159.19 157.79 158.51 159.39 161.06 163.03 164.24 165.43 166.51 167.84 169.7 171.56 173.1 174.63 177.01 179.2 181.25 183.67 183.66 183.23 183.19 183.77 183.46 183.85 184.41 184.2 183.92 183.04 181.48 182.24 184 184.75 184.38 183.8 182.76 182.6 182.29 181.87 181.68 181.64 181.6 181.55 181.42 181.11 180.63 181.03 180.97 180.82 179.91 178.54 177.68 176.79 175.9
156.36 155.39 155.23 155.08 153.03 152.72 154.14 156.16 162.46 165.43 168.38 168.79 165.89 164.72 163.55 162.37 160.21 159.03 157.85 156.34 156.41 157.23 158.05 158.83 159.82 161.03 162.24 163.41 164.73 166.6 167.93 169.09 170.62 173 175.38 177.76 179.66 180.01 180.74 182.52 184.6 184.08 183.7 182.94 182.19 179.83 175.8 174.92 175.81 176.96 178.7 181.02 183.07 182.78 182.52 182.18 181.77 181.54 181.5 181.45 181.24 180.93 180.63 180.28 180.7 180.09 178.47 176.75 175.3 174.19 172.58 170.96
151.54 150.31 148.73 148.51 150.3 151.76 153.27 154.9 158 159.79 160.78 161.57 161.47 160.41 159.35 158.29 156.79 154.61 153.06 152.7 154.63 155.64 156.64 157.06 157.16 158.19 159.21 160.24 161.6 162.76 163.92 165.08 166.61 168.81 170.85 172.89 174.39 174.77 175.75 176.74 178.79 177.61 175.23 174.63 176.44 173.71 169.68 165.66 166.44 168.05 170.59 173.25 175.38 177.62 179.92 182.08 181.67 181.4 181.36 181.05 180.75 180.44 179.73 179.53 178.56 176.94 174.95 172.83 170.83 169.11 167.5 165.88
146.89 146.87 146.98 147.58 149.11 150.79 152.34 153.54 154.43 155.2 156.73 158.25 158.15 157.05 155.99 154.93 153.44 150.93 148.43 150.85 153.76 154.77 154.8 154.52 154.63 155.65 156.68 157.57 158.44 159.6 160.76 161.44 162.04 163.61 165.47 167.51 169 169.78 170.76 171.75 171.42 168.99 166.61 164.23 163.92 161.98 160.03 158.08 157.52 160.17 162.82 165.48 167.69 170.03 173.04 176.29 179.66 181.21 181.01 180.81 180.54 179.55 176.54 175.17 174.03 172.21 170.09 167.98 165.98 164.26 162.53 160.81
147.9 147.39 146.01 146.84 148.24 149.45 150.36 151.54 152.43 152.63 153.07 154.6 154.83 153.74 152.64 151.58 150.08 147.57 146 149.36 152.83 152.55 152.27 151.98 152.09 153.12 153.88 154.63 155.5 156.66 156.86 157.04 157.63 159.2 160.78 162.35 163.8 164.04 164.24 164.45 163.83 161.3 158.76 155.31 151.39 149.44 147.6 148.64 150.11 152.6 155.08 157.71 160.14 163.12 166.37 169.28 171.21 172.78 175.26 175.23 172.99 174.63 171.84 169.64 168.5 166.78 165.05 163.13 161.13 159.41 157.81 156.53
148.9 147.79 145.81 145.61 147.07 147.84 148.57 149.54 150.43 150.63 150.84 151.04 151.51 150.42 149.33 148.24 146.92 145.65 144.38 147.23 149.74 149.59 149.43 149.28 149.45 150.2 150.95 151.7 152.18 152.28 152.46 152.63 153.22 154.77 155.91 157.05 157.74 157.39 157.04 156.85 156.24 152.29 147.53 142.76 138.84 139.21 140.25 141.28 142.75 145.24 147.73 149.74 150.95 152.91 154.97 157.11 159.04 160.89 162.35 163.81 162.89 164.92 166.56 164.31 162.97 161.25 159.52 157.79 156.04 155.49 154.21 152.92
