TestSuite/ReferenceResult/sinmapsi/sample.asc
ncols         466
nrows         448
xllcorner     634592
yllcorner     5588395
cellsize      10
NODATA_value  -9999
[rows 288 to 319 of 448, columns 144 to 215 of 466]
1037.19 1033.3 1024.01 1015.64 1006.15 993.71 981.28 968.86 956.45 944.04 931.63 914.75 904.28 897.42 891.88 886.34 879.77 872.15 864.54 856.93 849.57 842.83 836.05 829.2 822.34 815.49 808.63 801.78 795.13 788.21 781.29 774.37 767.44 760.52 753.6 744.78 735.13 725.47 715.82 705.83 695.21 684.27 672.38 661.36 650.35 639.22 628.01 616.8 605.59 600.58 605.9 611.23 613.45 612.69 611.54 609.14 605.61 600.85 595 588.76 582.65 576.85 571.05 565.25 559.25 552.03 544.75 537.48 530.34 523.52 516.7 509.85
1026.26 1023 1017.45 1010.22 1000.23 987.8 975.39 962.98 950.56 938.15 925.74 910.55 898.44 892.15 886.6 881.06 875.52 869.69 862.07 854.46 847.39 840.65 833.91 827.16 820.3 813.45 806.59 800.47 794.3 787.45 780.58 773.66 766.74 759.82 752.9 743.8 734.15 724.49 714.84 705.17 694.67 683.46 672.25 661.04 649.83 638.61 627.4 616.19 604.98 590.32 600.49 605.82 607.21 606.92 605.77 604.61 601.91 595.67 589.43 583.18 577.07 571.28 565.77 560.32 554.42 547.44 540.47 533.35 526.21 519.36 512.42 505.49
1015.31 1011.53 1008.48 1003.94 994.73 982.05 969.5 957.09 944.68 932.27 919.85 906.47 896.9 890.44 883.97 877.51 871.04 864.69 859.15 851.99 845.2 838.46 831.73 824.99 818.25 811.41 804.56 799.28 793.43 786.58 779.74 772.89 766.04 759.12 752.19 742.82 733.16 723.45 713.68 703.91 692.18 680.42 671.64 660.43 649.22 638.01 626.8 615.58 604.37 589.8 587.91 598.24 600.15 601.1 599.8 598.49 595.74 589.6 583.46 577.32 571.99 566.38 560.93 555.49 549.58 542.61 535.63 528.88 522.06 515.02 508.07 501.29
1004.43 1002.65 999.98 997 990.74 978.05 965.37 952.69 940.01 927.32 914.72 901.77 895.19 888.69 882.2 875.71 869.21 862.72 856.22 848.04 842.95 836.24 829.53 822.8 816.07 809.33 802.52 798.09 792.56 785.72 778.87 772.03 765.18 758.33 751.49 741.72 731.95 722.18 712.41 702.64 690.58 678.21 665.85 657.08 648.44 637.4 626.19 614.98 603.77 589.27 577.57 583 588.86 591.49 593.52 592.22 589.46 583.32 577.33 572.76 567.87 562.24 556.62 550.99 544.99 538.31 531.57 524.83 518.04 510.99 503.94 498.06
999.13 994.38 991.81 989 985.51 974.77 962.56 950.34 937.68 923.87 910.05 897.87 890.09 885.62 879.92 873.42 866.93 860.44 853.94 843.59 836.81 833.53 827.15 820.44 813.73 807.02 800.82 796.9 791.69 784.85 778 771.16 763.86 756.56 748.8 740 730.68 720.91 711.14 701.34 688.97 676.61 664.25 651.88 642.38 633.74 625.09 614.37 603.16 588.44 574.09 575.4 578.1 580.7 583.3 585.91 583.18 577.79 573.21 568.64 563.75 558.13 552.46 545.6 539.23 534.01 527.51 520.77 514.01 506.96 500.35 494.97
997.48 990.25 986 976.45 975.13 973.59 959.78 945.96 932.15 918.34 904.53 894.06 884.78 879.47 875 870.53 864.65 858.15 851.66 839.15 829.4 826.12 822.85 818.06 811.35 804.64 799.46 795.61 790.82 783.52 776.22 768.92 761.62 754.32 746.1 737.31 728.51 719.65 709.88 699.73 687.37 675.01 662.64 650.28 637.92 627.69 619.04 610.39 601.75 587.85 573.2 564.69 567.31 569.92 572.53 575.53 577.48 573.6 569.1 564.52 559.63 553.56 546.69 539.83 533.46 528.24 523.02 516.71 509.97 502.94 497.27 491.9
995.57 986.19 972.84 960.04 956.03 956.8 950.46 937.39 924.31 911.23 899.54 890.25 880.73 873.33 868.86 864.38 859.91 855.43 847.35 834.71 822.07 818.72 815.44 812.17 808.89 802.26 798.09 790.82 785.07 780.6 773.99 766.69 759.39 752.09 743.41 734.61 725.81 717.02 708.22 698.13 685.77 673.4 661.04 648.68 636.31 623.95 612.99 604.34 593.65 580.55 566.87 554.95 557.22 560.11 566.07 566.82 567.51 567.93 563.79 559.64 554.68 547.81 540.94 534.07 527.69 522.47 517.25 512.03 505.92 499.58 494.2 488.82
992.15 982.3 972.46 958.34 943.31 938.14 938.78 927.26 914.19 904.43 894.11 885.68 876.92 868.36 862.72 858.24 853.77 847.62 840.53 830.27 817.63 811.31 808.03 804.76 801.48 796.66 790.26 782.91 777.91 773.52 769.04 764.45 757.15 749.51 740.72 731.92 723.08 714.11 705.14 691.87 680.32 668.09 656.27 644.45 632.63 620.81 608.99 597.16 585.45 572.72 560.51 551.64 550.13 555.48 556.4 556.84 557.54 558.23 558.12 553.97 549.01 542.14 535.27 529.34 523.64 517.97 512.5 507.04 501.56 496.51 491.13 485.75
989.06 981.92 972.07 962.23 945.79 934.78 926.88 917 909.09 897.76 888.71 880.02 871.83 863.59 856.77 850.66 844.16 838.33 831.06 822.7 812.99 803.9 800.59 797.06 792.91 786.16 782.26 775.01 770.71 766.43 761.96 757.49 753.02 746.65 737.7 728.73 719.76 710.79 701.82 685.87 671.63 660.46 649.99 636.65 624.83 613.01 599.84 585.92 575.85 565.63 557.88 550.42 544.86 545.9 546.2 546.88 547.57 548.26 548.95 548.3 543.34 536.47 531.01 525.74 520.03 513.79 508.32 502.86 497.18 491.63 487.14 482.65
983.82 977.44 971.07 961.84 948.27 938.63 928.35 919.57 910.79 901.54 891.41 882.29 873.61 866.64 860.29 853.67 846.27 839.86 830.8 822.28 811.16 803.1 798.55 793.74 786.69 779.42 772.65 767.38 763.51 759.35 754.88 749.41 744.09 737.92 730.67 722.58 714.49 706.4 696.06 679.88 663.69 651.8 640.76 629.82 618.94 607.86 598.38 588.14 579.47 566.07 557.02 547.97 539.39 535.78 536.16 536.91 537.6 538.29 538.98 539.67 537.94 532.67 527.4 522.13 516.43 509.72 504.14 498.53 492.81 487.08 482.14 477.65
980.68 973.62 966.56 959.5 950.76 941.43 932.65 923.87 915.09 906.25 896.67 886.25 878.27 871.8 865.45 859.1 852.69 845.27 835.36 824.66 813.92 809.4 804.87 800.34 794.49 787.46 779.1 770.43 763.33 754.61 745.72 740.64 734.6 728.05 722.79 714.69 706.6 696.33 684.61 670.29 657.5 643.56 633.75 625.45 616.42 608.78 601.28 587.78 575.16 566.11 557.06 548.01 538.34 528.58 526.22 526.94 527.63 528.44 529.55 530.88 530.41 527.01 523.61 518.52 512.82 506.11 499.88 494.15 488.43 482.7 477.14 472.65
977.56 970.5 963.44 956.38 950 943.53 936.15 927.3 918.46 909.61 900.63 890.2 883.31 876.96 870.61 864.26 856.98 848.43 837.73 826.76 820.22 815.7 811.18 806.65 801.77 792.5 783.09 775.01 767.31 758.64 751.67 741.72 731.37 721.64 714.07 706.2 696.49 684.6 676.15 665.38 655.38 642.11 631.81 622.79 614.21 605.93 596.09 584.24 575.2 565.8 556.1 546.6 537.1 527.6 518.12 517.61 518.74 520.06 521.38 522.7 521.82 518.42 515.17 512.13 508.45 501.33 494.59 489.64 484.05 478.33 472.6 467.64
974.44 967.38 960.29 953.04 947.86 942.31 935.19 928.08 920.96 912.96 904.11 894.85 888.47 881.71 874.03 866.36 858.68 850.81 840.11 831.05 826.53 822 817.01 810.72 804.43 796.48 787.08 779.91 771.16 764.19 757.22 750.02 739.49 731.28 721.51 711.31 701.7 690.44 681.7 670.83 657.56 644.29 631.59 621.9 612.21 603.08 593.25 583.71 574.23 564.75 555.31 545.87 536.43 526.99 517.87 509.59 510.95 512.31 513.67 515.43 514.57 511.54 508.5 505.46 501.68 496.13 489.01 483.9 478.96 473.95 468.23 462.64
971.32 964.18 956.93 950.34 945.72 941.08 933.97 926.86 919.74 912.63 905.51 898.62 891.09 883.41 875.74 868.06 860.39 852.71 842.36 837.35 832.24 825.96 819.67 813.39 807.1 800.47 791.57 783.68 776.72 769.75 762.78 755.81 747.82 737.38 727.01 716.85 706.69 696.27 686.28 673.02 659.75 646.48 633.21 621.68 611.99 602.3 592.85 583.41 573.97 564.53 555.09 545.66 536.29 528.92 520.56 511.89 503.85 505.64 507.33 509.09 507.91 504.88 501.84 498.42 494.63 490.85 483.81 478.16 473.22 468.28 463.34 458.12
967.73 960.82 953.57 948.2 943.58 938.97 932.75 925.63 918.52 911.41 904.77 899.22 891.76 884.3 876.83 869.37 861.91 854.42 847.48 841.2 834.91 828.62 822.34 816.05 809.77 803.48 796.21 788.91 781.2 773.5 765.8 758.57 752.52 742.83 732.56 722.39 712.23 701.87 688.47 675.2 661.93 648.66 635.4 622.13 611.77 602.08 592.63 583.19 573.76 564.32 554.88 547.34 539.97 531.52 522.46 512.91 503.61 499.26 501.37 502.31 501.25 498.21 495.16 491.37 487.59 483.81 478.61 472.42 467.48 462.53 457.59 452.65
962.73 955.95 950.8 946.06 941.44 936.83 931.53 924.41 917.3 910.18 905.14 899.82 892.36 884.87 877.36 869.85 862.34 854.67 848.62 842.35 836.09 829.83 823.56 817.3 811.03 804.7 797.96 790.25 782.55 774.85 767.78 761.73 755.67 748.27 738.09 727.39 716.69 705.42 692.27 678.25 664.23 650.85 637.58 624.31 611.55 601.86 592.42 582.98 573.54 565.76 558.39 550.95 542.49 533.05 523.51 513.97 504.68 497.84 495.07 495.4 494.59 491.55 488.12 484.33 480.55 476.77 472.98 466.67 461.73 456.79 451.85 447.82
958.47 951.33 949.22 945.01 939.36 934.69 930.07 923.19 916.07 910.23 905.52 900.24 892.72 885.22 877.71 870.2 862.78 854.67 849.04 843.31 837.04 830.78 824.51 818.25 811.84 805.74 799.3 791.6 783.9 777 770.94 764.89 758.66 752.3 742.15 731.45 720.42 708.97 696.61 682.59 668.57 654.54 640.52 626.5 613.23 601.64 592.2 584.18 576.81 569.44 561.92 553.19 543.64 534.11 524.57 515.04 505.76 500.06 491.65 488.5 487.68 484.86 481.07 477.29 473.51 469.72 465.94 461.1 455.99 451.14 447.18 443.23
955.03 949.83 947.59 943.89 937.82 932.74 927.93 921.97 915.42 910.62 905.55 900.02 893.25 885.56 878.06 870.64 862.55 854.67 849.04 844.26 838 831.73 825.47 819.08 812.7 806.77 800.65 792.95 786.21 780.15 773.8 767.44 761.08 754.71 746.21 735.42 723.97 712.51 700.95 686.93 672.91 658.88 644.86 630.84 616.86 603.38 595.23 587.86 580.49 572.88 563.77 554.24 544.7 535.17 525.63 516.1 506.85 501.95 494.2 486.59 480.74 477.81 474.03 470.25 466.47 462.68 458.9 455.12 450.5 446.54 442.59 438.63
954.18 949.9 945.96 942.52 937.86 931.19 926.11 920.74 915.73 910.63 904.92 899.8 894.3 885.94 878.5 870.67 862.55 854.51 849.04 844.9 838.95 832.68 826.33 819.66 813.74 807.81 801.89 795.29 788.93 782.57 776.21 769.85 763.49 757.13 750.27 738.97 727.51 716.06 704.6 691.3 677.39 663.48 649.57 635.66 622.25 609.67 598.91 591.54 583.85 574.37 564.83 555.3 545.76 536.23 526.69 517.16 508.24 503.34 496.69 489.21 481.8 475.14 471.26 467.38 463.45 459.5 454.69 448.12 445.56 441.95 437.99 434.04
947.64 946.21 941.37 936.76 932.24 928.16 923.96 918.79 913.63 905.59 898.12 893.27 887.75 881.39 876.17 869.64 861.36 854.46 848.34 844.9 839.9 833.57 826.83 820.7 814.77 808.43 802.34 795.97 789.64 783.31 776.98 770.64 764.31 757.66 750.37 738.68 726.98 715.29 706.25 696.18 682.27 668.36 654.46 641.12 628.54 615.96 603.38 594.5 584.96 575.43 565.89 556.36 546.82 537.29 527.75 518.22 509.64 503.75 496.57 489.4 482.38 475.51 469.33 464.44 459.26 453.27 446.18 441.86 440.12 436.59 433.06 429.44
940.41 938.99 936.64 931.97 927.63 923.67 919.72 915.77 910.57 903.47 896.21 888.95 882.38 877.39 872.4 866.89 859.14 851.69 847.27 842.29 840.23 834.07 827.66 821.12 814.83 809.19 802.57 796.19 789.86 783.53 776.95 770.28 763.61 756.83 748.78 737.08 725.39 716.61 708.94 701.07 687.16 673.25 660 647.42 634.83 621.48 607.55 596.06 586.44 576.82 567.2 557.58 547.96 538.35 528.81 519.28 510.8 503.75 496.36 488.97 481.57 474.66 466.34 458.08 451.69 444.45 438.18 435.25 433.67 431.14 427.61 424.09
930.46 930.97 930.33 927.18 922.93 918.98 915.37 912.66 908.14 899.65 892.39 885.13 878.56 873.61 868.63 863.64 856.31 848.71 842.9 837.54 834.97 829.88 825.4 821.31 815.83 809.41 802.8 796.24 789.57 782.9 776.23 769.56 762.83 755.88 747.18 735.49 726.97 719.3 711.63 703.97 692.05 678.87 665.95 652.02 638.1 624.17 610.25 597.92 588.3 578.68 569.06 559.44 549.82 540.25 530.86 520.63 509.68 502.28 494.89 487.5 480.32 472.02 465.82 459.63 443.97 435 432.08 428.76 427.18 425.7 422.17 418.64
919.9 920.41 920.92 921.43 918.83 916.12 913.41 910.69 906.17 897.43 888.69 881.32 874.75 869.79 864.83 859.87 853.49 846.05 838.63 833.17 829.7 824.84 820.84 817.42 813.79 808.25 801.81 795.34 788.85 782.18 775.51 768.83 761.88 754.93 745.59 737.33 729.67 722 714.33 706.18 696.59 682.61 668.64 654.72 640.79 626.87 612.94 599.78 590.16 580.64 571.25 561.85 552.46 543.07 531.65 520.09 508.53 500.82 493.43 485.98 478.85 472.65 466.46 460.26 450.85 434.43 425.74 422.27 420.7 420.17 416.73 413.2
909.34 909.85 910.45 915.11 914.97 912.77 910.57 908.37 904.21 895.46 886.72 877.98 870.93 865.97 860.83 855.55 849.94 843.4 835.97 828.81 824.43 820.25 816.83 813.41 809.76 805.25 800.66 794.13 787.84 781.46 774.79 767.88 760.93 753.52 746.04 737.75 729.45 721.16 712.87 705.1 698.76 685.89 671.92 657.94 643.97 630 616.03 602.38 592.85 583.46 574.06 564.67 554.23 542.67 531.11 519.56 508 499.35 491.87 485.67 479.48 473.28 467.09 460.89 454.7 441.4 427.08 415.78 414.22 413.68 411.28 407.75
898.78 901.32 905.98 909.74 909.88 907.86 905.56 903.27 899.11 890.61 882.11 873.8 866.14 860.43 855.15 849.87 844.26 837.89 831.52 825.15 819.66 816.24 812.82 809.4 805.74 801.84 797.33 791.61 785.7 780.03 773.82 766.03 757.42 750.73 743.94 736.15 727.86 719.57 711.28 704.89 698.55 689.16 675.19 661.22 647.24 633.27 616.9 605.73 595.67 586.27 576.81 565.25 553.69 542.13 530.58 519.02 507.46 498.48 492.26 486.05 479.83 473.61 467.39 461.17 454.95 445.7 432.65 418.98 407.73 407.2 405.84 402.31
891.34 894.94 898.88 902.83 902 900.9 899.81 898.1 893.94 885.53 877.41 869.28 861.62 855.06 849.47 844.19 838.58 832.21 825.84 820.6 816.44 812.26 808.83 805.39 801.84 797.33 792.69 787.65 781.79 776.26 770.82 763.43 754.45 747.85 741.61 734.21 726.26 717.97 711.06 704.67 698.34 692.08 678.46 664.49 650.35 633.7 620.25 609.08 598.48 587.83 576.27 564.71 553.14 541.57 530 518.43 506.86 497.96 491.17 484.68 478.46 472.24 466.02 459.8 453.58 442.83 429.79 416.74 405.16 397.45 399.43 396.03
890.93 894.88 897.78 900.44 898.23 896.53 894.82 892.44 888.91 881.02 872.89 864.76 857.1 850.55 843.99 838.51 832.9 826.53 821.53 818.13 813.97 808.31 804.87 801.44 797.92 792.95 788.06 783.42 777.89 772.78 768.55 764.31 752.37 746.36 739.79 731.75 724.47 716.9 709.13 702.52 699.42 692.27 681.73 667.27 651.02 634.77 623.6 611.54 598.52 587.11 575.68 564.11 552.54 540.98 529.41 517.84 506.27 497.61 490.82 484.04 477.25 470.88 464.66 458.44 452.22 439.97 427.07 415.6 404.51 394.07 389.18 388.61
889.29 891.46 893.43 895.4 893.95 890.87 888.24 885.78 882.25 876.22 868.37 860.24 852.59 846.03 839.47 832.91 827.22 822.47 819.06 815.66 811.5 805.56 800.95 797.72 794.06 789.1 784.13 779.1 774.28 770.32 766.27 762.04 756.07 746.73 736.8 726.87 719.12 710.44 702.78 699.24 696.22 690.2 680.36 667.94 649.4 637.34 623.76 610.18 597.38 585.97 574.55 563.14 551.72 540.31 528.81 517.24 505.68 497.26 490.47 483.69 476.91 470.12 463.34 457.07 450.15 437.51 426.34 415.32 404.29 394.09 384.04 380.85
882.88 885.76 888.64 891.32 889.78 886.79 884.09 881.07 876.15 869.56 863.52 855.73 848.07 841.51 834.95 828.4 822.77 819.48 816.19 812.9 808.82 803.82 798.81 793.8 789.19 784.47 779.28 774.08 769.26 765.3 761.34 757.14 751.06 741.56 731.65 721.72 713.08 704.4 698.51 694.89 691.78 683.44 672.73 659.02 648.18 635.98 622.4 608.82 596.24 584.83 573.41 562 550.58 539.17 527.75 516.34 504.94 496.83 490.05 483.27 476.49 469.72 462.94 456.16 448.16 437.14 426.12 415.1 404.08 394.02 384.33 376.83
876.46 879.34 882.22 887.01 888.08 884.47 880.61 876.58 871.64 864.58 857.52 850.82 843.55 836.98 830.36 823.73 818.11 814.82 811.53 807.87 801.81 796.49 791.48 786.47 781.86 778.17 774.26 769.07 764.24 760.28 755.87 751.25 745.18 735.68 726.18 716.57 707.05 699.93 695.48 691.03 686.58 674.93 664.12 653.3 642.49 631.3 619.77 607.46 595.1 583.68 572.27 560.87 549.47 538.07 526.67 515.27 503.87 496.15 489.29 482.5 475.72 468.95 462.17 455.39 446.98 436.38 425.77 414.88 403.86 393.86 386.6 379.58
870.05 872.97 878.14 881.94 884.16 880.13 876.1 872.07 867.13 860.07 853.01 845.89 838.92 832.32 825.69 819.07 813.45 810.15 806.86 801.11 795.05 789.16 784.15 779.14 774.53 770.84 767.15 763.46 759.2 754.59 749.98 745.37 739.29 729.79 720.29 710.79 700.94 695.85 691.01 686.17 680.38 669.26 658.4 647.59 636.77 625.94 614.42 602.89 592.11 581.43 570.75 559.8 548.4 537 525.6 514.2 502.8 495.51 488.65 481.79 474.95 468.17 461.4 454.62 445.78 435.17 424.57 413.96 403.44 395.58 388.3 381.01
863.95 867.87 871.8 875.72 878.72 875.98 871.89 867.8 862.57 855.43 848.29 841.14 834.18 827.63 821.03 814.41 808.78 805.49 800.42 794.36 788.29 782.22 776.82 771.81 767.2 763.51 759.82 756.13 753.11 748.59 744.08 739.48 733.4 723.89 712.36 701.14 694.88 689.31 684.47 679.62 673.99 665.13 653.63 642.12 631.06 620.24 609.07 597.83 587.15 576.47 565.8 555.12 544.44 533.76 523.09 512.41 501.73 494.87 488.01 481.15 474.28 467.42 460.63 453.85 444.57 433.97 423.44 413.22 402.99 395.27 387.98 380.5
